3
4 2 5 1 7
3 1 9 4 5
9 8 1 2 3
8 1 9 3 4
7 2 3 4 8
1 9 2 5 7
6 5 2 3 4
5 1 9 2 8
2 9 3 1 4


3
2 6 9 3 4
9 4 5 1 2
3 9 2 1 4
7 8 1 4 6
5 7 3 9 4
1 7 6 8 3
6 9 3 4 5
4 9 7 5 2
8 1 5 3 6

143

-------

3
7 9 3 8 2
5 7 3 8 6
3 5 2 4 9
9 6 8 3 4
8 5 3 1 6
6 3 8 5 4
2 6 4 8 7
1 8 3 4 5
4 7 9 3 8

정답 : 151
비고 :
3 5 8
9 7 6
1 2 4

-------


3
1 1 1 1 1
2 1 1 1 1
3 1 1 1 1
4 1 1 1 1
5 1 1 1 1
6 1 1 1 1
7 1 1 1 1
8 1 1 1 1
9 1 1 1 1

4000


3
1 2 3 4 5
2 1 1 1 1
3 1 1 1 1
4 1 1 1 1
5 1 1 1 1
6 1 1 1 1
7 2 3 2 3
8 2 3 2 3
9 2 3 2 3



3
1 2 3 4 5
2 3 4 5 6
3 4 5 6 7
4 5 6 7 8
5 6 7 8 9
6 7 8 9 1
7 8 9 1 2
8 9 1 2 3
9 1 2 3 4

44

